0000000000000000000000000000010111110001010000000101000000010100000001000000000101100000010000000000
0000001000000000100000001110000000001000000000000000011111000000000000000000000000000000001110011100
0000000000000000000000000000000000000000011100000100000000011111000101000000010100000000010000011100
0000000001000000000100000000011000000001101111100000000001000000000100000000010000111000000000000000
0000000000000111100000010010000001001000000000100000000000000000011100000000000001111100000000000000
0000000000011100000000000000000000000000000000000000000000000111101000000000100011111111000000000000
0000000000111000000000100000000010000000001000000000101111000000000100111000010000000001000000000000
0000011100000000000000001110100000000010001111100000000000000000000000000000000000001111000000000000
0010000000001000000011100000000000000000000111000000000000001111000000000000000000000000000001111100
0000100000000010000000001000001111000000000000000010101111101010000000001000000000000000000000000000
